06 00 7f 00 07 b0 b5
06 00 7f 00 05 a2 96
05 00 9a 00 5b 89
05 00 9a 00 5b 89
05 00 9a 00 5b 89
05 00 9a 00 5b 89
0d 00 01 03   01 01 04 00 00 00 16 4c 21 a8
0d 00 01 03 01 01 04 00 00 00 16 4b 9e dc
0d 00 01 03 01 01 04 00 00 01 55 4b 4c ea
0d 00 01 03 01 01 04 00 00 00 48 50 2b 3b
19 00 01 03 01 01 10 98 46 a2 66 53 c1 02 ee 9f 78 b9 98 9f b4 cc 11 51 55 1f
0d 00 01 03 01 01 04 00 00 00 37 48 ee d4
0d 00 01 03 01 01 04 00 00 02 19 4c 51 9e
0d 00 01 03 01 01 04 00 00 00 45 48 9a 17
0d 00 01 03 01 01 04 00 00 00 41 48 fa 70
07 00 01 01 01 00 1e 4b
07 00 01 01 01 00 1e 4b
06 00 7f 00 0d ea 1a
0d 00 01 03 01 01 04 00 00 00 54 46 ad 72
0d 00 01 03 01 01 04 00 00 01 38 46 84 e4
0d 00 01 03 01 01 04 00 00 01 23 46 bd 95
0d 00 01 03 01 01 04 00 00 00 23 45 fa fd
07 00 01 01 01 00 1e 4b
15 00 01 03 01 01 0c 11 04 20 19 00 00 00 00 00 00 04 04 42 33 62
07 00 01 01 01 00 1e 4b
07 00 01 01 01 00 1e 4b
07 00 01 01 01 00 1e 4b
07 00 01 01 01 00 1e 4b
07 00 01 01 01 00 1e 4b
06 00 7f 00 07 b0 b5
